orientation:
  pitch: -0.0
  roll: 0.0
  yaw: 0.0
position:
  x: -13.133914947509766
  y: -7.154589653015137
  z: 0.0
