orientation:
  pitch: -0.0
  roll: 0.0
  yaw: 0.0
position:
  x: 1.2639852806925773
  y: 1.2792477130889892
  z: 0.0
