orientation:
  pitch: -0.0
  roll: 0.0
  yaw: 0.0
position:
  x: 2.000000011175871
  y: -1.9487794494628907
  z: 0.0
