orientation:
  pitch: -0.0
  roll: 0.0
  yaw: 1.57
position:
  x: 2.4924213402023145
  y: -0.7900258142620955
  z: 0.0
